200
3 -2 5 -7 4 6 -1 -8 9 -3
3 -2 5 -7 4 6 -1 -8 9 -3
3 -2 5 -7 4 6 -1 -8 9 -3
3 -2 5 -7 4 6 -1 -8 9 -3
3 -2 5 -7 4 6 -1 -8 9 -3
3 -2 5 -7 4 6 -1 -8 9 -3
3 -2 5 -7 4 6 -1 -8 9 -3
3 -2 5 -7 4 6 -1 -8 9 -3
3 -2 5 -7 4 6 -1 -8 9 -3
3 -2 5 -7 4 6 -1 -8 9 -3
3 -2 5 -7 4 6 -1 -8 9 -3
3 -2 5 -7 4 6 -1 -8 9 -3
3 -2 5 -7 4 6 -1 -8 9 -3
3 -2 5 -7 4 6 -1 -8 9 -3
3 -2 5 -7 4 6 -1 -8 9 -3
3 -2 5 -7 4 6 -1 -8 9 -3
3 -2 5 -7 4 6 -1 -8 9 -3
3 -2 5 -7 4 6 -1 -8 9 -3
3 -2 5 -7 4 6 -1 -8 9 -3
3 -2 5 -7 4 6 -1 -8 9 -3
