6 7
1000000000 -1000000000 1000000000 -1000000000 1000000000 -1000000000 1000000000
-1000000000 1000000000 -1000000000 1000000000 -1000000000 1000000000 -1000000000
1000000000 1000000000 1000000000 1000000000 1000000000 1000000000 1000000000
-1000000000 -1000000000 -1000000000 -1000000000 -1000000000 -1000000000 -1000000000
2147483647 2147483647 -2147483648 -2147483648 123456789 -123456789 0
0 -1 1 -1 1 -1 1
18
0 0 5 6
0 0 0 6
1 0 1 6
2 0 2 6
3 0 3 6
4 0 4 6
5 0 5 6
0 0 5 0
0 6 5 6
0 0 1 1
0 0 3 6
2 0 3 6
4 0 5 6
4 0 4 3
4 2 4 5
5 1 5 5
0 1 4 5
2 2 5 4
