30 74 0
0 1 2
0 2 5
0 3 9
1 2 1
1 4 4
1 5 7
2 3 2
2 5 3
2 6 8
3 6 1
3 7 6
3 8 10
4 5 2
4 9 5
4 10 9
5 6 2
5 9 1
5 11 4
6 7 2
6 11 3
6 12 6
7 8 1
7 12 2
7 13 5
8 13 2
8 14 3
8 15 8
9 10 1
9 16 4
9 17 7
10 11 2
10 17 3
10 18 6
11 12 1
11 18 2
11 19 5
12 13 1
12 19 2
12 20 4
13 14 2
13 20 1
13 21 3
14 15 1
14 21 2
14 22 6
15 22 2
15 23 5
16 17 1
16 24 5
17 18 1
17 24 2
17 25 4
18 19 1
18 25 2
18 26 5
19 20 1
19 26 3
19 27 6
20 21 1
20 27 2
20 28 4
21 22 1
21 28 2
21 29 5
22 23 1
22 29 2
23 29 1
24 25 1
24 26 2
25 26 1
25 27 2
26 27 1
27 28 1
28 29 1
